,volume,cells_expected,cells_shown
VH_M_renal_pyramid_L_f,3635.6711226929606,3635671122.6929607,4.227555100917753e-07
VH_M_renal_pyramid_L_b,2617.366044068477,2617366044.068477,5.872315809564266e-07
VH_M_renal_pyramid_L_i,3413.9369293035484,3413936929.3035483,4.502133553807486e-07
VH_M_renal_pyramid_L_a,6204.431453056932,6204431453.0569315,2.477261634090128e-07
VH_M_renal_papilla_L_c,18.105352393464006,18105352.393464006,0.004135351711079019
VH_M_renal_pyramid_L_g,2409.6490975376046,2409649097.537605,6.378522090916242e-07
VH_M_renal_pyramid_L_h,2103.4135166853803,2103413516.6853802,7.30716993024771e-07
VH_M_renal_pyramid_L_c,941.1147700317525,941114770.0317526,1.6331695654379568e-06
VH_M_renal_papilla_L_g,27.201819684945423,27201819.684945423,0.0027524629185538335
VH_M_renal_papilla_L_f,15.356960796156162,15356960.796156162,0.004875443845551811
VH_M_renal_papilla_L_e,14.176512555619665,14176512.555619664,0.005281411751038885
VH_M_renal_papilla_L_i,44.655370741518915,44655370.741518915,0.001676662823681067
VH_M_renal_pyramid_L_e,3089.498838548971,3089498838.548971,4.974916905040414e-07
VH_M_renal_papilla_L_b,36.77216981184335,36772169.81184335,0.0020361050322324384
VH_M_renal_pyramid_L_d,2000.3365814686063,2000336581.4686062,7.68370690332307e-07
VH_M_renal_papilla_L_a,56.20401437490646,56204014.37490646,0.0013321468374228494
VH_M_renal_papilla_L_d,18.882657266191032,18882657.26619103,0.003965119895177922
VH_M_renal_papilla_L_h,20.53758139027187,20537581.390271872,0.0036456094112165007
